%YAML:1.0
aruco_bc_nmarkers: 10
aruco_bc_mInfoType: 0
aruco_bc_markers:
   - { id:762, corners:[ [ -290., -110., 0. ], [ -190., -110., 0. ], [
       -190., -10., 0. ], [ -290., -10., 0. ] ] }
   - { id:878, corners:[ [ -170., -110., 0. ], [ -70., -110., 0. ], [
       -70., -10., 0. ], [ -170., -10., 0. ] ] }
   - { id:253, corners:[ [ -50., -110., 0. ], [ 50., -110., 0. ], [ 50.,
       -10., 0. ], [ -50., -10., 0. ] ] }
   - { id:130, corners:[ [ 70., -110., 0. ], [ 170., -110., 0. ], [ 170.,
       -10., 0. ], [ 70., -10., 0. ] ] }
   - { id:177, corners:[ [ 190., -110., 0. ], [ 290., -110., 0. ], [
       290., -10., 0. ], [ 190., -10., 0. ] ] }
   - { id:356, corners:[ [ -290., 10., 0. ], [ -190., 10., 0. ], [ -190.,
       110., 0. ], [ -290., 110., 0. ] ] }
   - { id:335, corners:[ [ -170., 10., 0. ], [ -70., 10., 0. ], [ -70.,
       110., 0. ], [ -170., 110., 0. ] ] }
   - { id:354, corners:[ [ -50., 10., 0. ], [ 50., 10., 0. ], [ 50.,
       110., 0. ], [ -50., 110., 0. ] ] }
   - { id:169, corners:[ [ 70., 10., 0. ], [ 170., 10., 0. ], [ 170.,
       110., 0. ], [ 70., 110., 0. ] ] }
   - { id:1009, corners:[ [ 190., 10., 0. ], [ 290., 10., 0. ], [ 290.,
       110., 0. ], [ 190., 110., 0. ] ] }
