%YAML:1.0
calibration_time: "Sun 01 May 2016 05:12:20 PM CDT"
nframes: 10
image_width: 640
image_height: 480
board_width: 7
board_height: 5
square_size: 2.9999999329447746e-02
aspectRatio: 1.
flags: 2
camera_matrix: !!opencv-matrix
   rows: 3
   cols: 3
   dt: d
   data: [ 6.6098358343079929e+02, 0., 3.3097528800214491e+02, 0.,
       6.6098358343079929e+02, 2.4687583742354195e+02, 0., 0., 1. ]
distortion_coefficients: !!opencv-matrix
   rows: 5
   cols: 1
   dt: d
   data: [ 4.0273335827536193e-02, -1.1165304806061047e+00,
       -2.0083090372084568e-04, 4.3610717470140862e-03,
       3.6827258831781431e+00 ]
avg_reprojection_error: 1.4005608519382320e-01
per_view_reprojection_errors: !!opencv-matrix
   rows: 10
   cols: 1
   dt: f
   data: [ 1.41253158e-01, 1.32458493e-01, 1.20698981e-01,
       1.22730620e-01, 1.30471289e-01, 1.31695658e-01, 1.22048937e-01,
       1.39894709e-01, 1.72790542e-01, 1.74180269e-01 ]
extrinsic_parameters: !!opencv-matrix
   rows: 10
   cols: 6
   dt: d
   data: [ -3.3353417466910945e-01, -1.5966144362470655e-03,
       1.8301485120468841e-01, -1.7528086742523236e-01,
       -5.3575766429386398e-02, 5.7256727392155338e-01,
       3.4979686654098012e-03, -5.3892143880335464e-01,
       -2.8983249731281928e+00, 3.4776533963056006e-03,
       9.1139563302860604e-02, 4.7611796179457344e-01,
       -4.0564640495919319e-01, -1.0626197220795318e-01,
       1.4030912693781844e-01, -1.7861340531972875e-01,
       -3.6900873029963727e-02, 5.2352372006954806e-01,
       -4.1358423960620710e-01, -1.2082035928041741e-01,
       1.5857432961771042e-01, -1.6218896772934249e-01,
       -4.3854780253543904e-02, 5.3389976638550474e-01,
       -4.2061637165467158e-01, 7.3022720916985723e-02,
       4.2650991922183294e-02, -8.0115725715368988e-04,
       1.1148725659659717e-02, 7.7847037097961858e-01,
       -4.3337309667906909e-01, 1.8871498146089929e-01,
       4.0428916902132468e-02, 1.5309050185300210e-02,
       7.1560776169552745e-03, 7.6665684477488583e-01,
       -3.8426013187048974e-01, 2.3745561442798277e-01,
       3.5852668217820426e-02, 2.3805219995814520e-02,
       1.1734478239264675e-02, 7.7009836589034897e-01,
       -3.7778262725756762e-01, 2.6013652155408834e-01,
       4.3274201351964733e-02, 3.2695281535901968e-02,
       9.5751450023409887e-03, 7.6495373931784894e-01,
       -2.5422358577977494e-01, 6.6368190999770060e-01,
       -4.2509590302731506e-02, -3.3421688300708907e-02,
       -1.3085555131098681e-01, 7.0263070987220355e-01,
       -1.5432006847338287e-01, 3.9894064178292626e-01,
       -1.6917609755176054e-02, -9.3566122854487954e-02,
       -1.4915087429018059e-01, 6.5945180345212218e-01 ]
image_points: !!opencv-matrix
   rows: 10
   cols: 35
   dt: "2f"
   data: [ 1.30153366e+02, 1.85485413e+02, 1.63156311e+02,
       1.91246674e+02, 1.96737991e+02, 1.97357391e+02, 2.30386917e+02,
       2.03483658e+02, 2.64411926e+02, 2.09567764e+02, 2.98617798e+02,
       2.15725571e+02, 3.33107483e+02, 2.22047806e+02, 1.20544991e+02,
       2.16795746e+02, 1.54074417e+02, 2.23288788e+02, 1.88195358e+02,
       2.29301163e+02, 2.22411423e+02, 2.35505692e+02, 2.57015717e+02,
       2.41969162e+02, 2.91656769e+02, 2.48221298e+02, 3.26738678e+02,
       2.54622299e+02, 1.10788048e+02, 2.49488876e+02, 1.44640823e+02,
       2.55737244e+02, 1.79334412e+02, 2.62300537e+02, 2.14168686e+02,
       2.68660522e+02, 2.49334473e+02, 2.75219025e+02, 2.84576447e+02,
       2.81653015e+02, 3.20339142e+02, 2.88321747e+02, 1.00595406e+02,
       2.82764771e+02, 1.35156433e+02, 2.89544922e+02, 1.70291367e+02,
       2.96376007e+02, 2.05516541e+02, 3.03009247e+02, 2.41366028e+02,
       3.09719025e+02, 2.77350403e+02, 3.16391998e+02, 3.13612549e+02,
       3.23321411e+02, 9.01628952e+01, 3.17787262e+02, 1.25362457e+02,
       3.24751587e+02, 1.60928909e+02, 3.31791382e+02, 1.96693756e+02,
       3.38710754e+02, 2.33099457e+02, 3.45707336e+02, 2.69622192e+02,
       3.52600342e+02, 3.06661285e+02, 3.59750366e+02, 3.36030212e+02,
       3.73527924e+02, 2.95051453e+02, 3.65092834e+02, 2.54439072e+02,
       3.57101166e+02, 2.14232727e+02, 3.48886017e+02, 1.74536392e+02,
       3.40788483e+02, 1.35131775e+02, 3.32584229e+02, 9.61029663e+01,
       3.24403137e+02, 3.43518066e+02, 3.33348633e+02, 3.03490540e+02,
       3.25295685e+02, 2.63729919e+02, 3.17445953e+02, 2.24304840e+02,
       3.09613037e+02, 1.85401123e+02, 3.01805206e+02, 1.46508759e+02,
       2.93884033e+02, 1.08397713e+02, 2.86087677e+02, 3.50720276e+02,
       2.95033691e+02, 3.11473389e+02, 2.87302704e+02, 2.72734955e+02,
       2.79687164e+02, 2.34064407e+02, 2.72166901e+02, 1.95721893e+02,
       2.64624786e+02, 1.57530640e+02, 2.57186127e+02, 1.20333290e+02,
       2.49716522e+02, 3.57608307e+02, 2.58405548e+02, 3.19179688e+02,
       2.50947556e+02, 2.81231567e+02, 2.43626770e+02, 2.43374222e+02,
       2.36194687e+02, 2.05787918e+02, 2.28823959e+02, 1.68395645e+02,
       2.21843246e+02, 1.31564987e+02, 2.14451721e+02, 3.64400940e+02,
       2.23206696e+02, 3.26697845e+02, 2.15865234e+02, 2.89411041e+02,
       2.08729080e+02, 2.52244003e+02, 2.01646973e+02, 2.15557053e+02,
       1.94528366e+02, 1.78699936e+02, 1.87419907e+02, 1.42612045e+02,
       1.80659149e+02, 1.07562241e+02, 2.00643784e+02, 1.44580627e+02,
       2.06431503e+02, 1.82052261e+02, 2.12534149e+02, 2.19016266e+02,
       2.18499252e+02, 2.56031250e+02, 2.24398102e+02, 2.92711975e+02,
       2.30328064e+02, 3.29368561e+02, 2.36285461e+02, 9.80279999e+01,
       2.34494034e+02, 1.36077606e+02, 2.40803391e+02, 1.74214859e+02,
       2.46587311e+02, 2.12179459e+02, 2.52592453e+02, 2.49941483e+02,
       2.58657471e+02, 2.87470978e+02, 2.64496429e+02, 3.24930695e+02,
       2.70439850e+02, 8.82820740e+01, 2.70180786e+02, 1.26998169e+02,
       2.76241882e+02, 1.66124451e+02, 2.82348663e+02, 2.04810104e+02,
       2.88289825e+02, 2.43629745e+02, 2.94254791e+02, 2.82087830e+02,
       3.00168060e+02, 3.20448914e+02, 3.06063843e+02, 7.78873749e+01,
       3.06961945e+02, 1.17748909e+02, 3.13315094e+02, 1.57627411e+02,
       3.19523529e+02, 1.97341675e+02, 3.25529510e+02, 2.36963196e+02,
       3.31593109e+02, 2.76444275e+02, 3.37457428e+02, 3.15646637e+02,
       3.43464355e+02, 6.71582794e+01, 3.46093719e+02, 1.08124649e+02,
       3.52421234e+02, 1.48996384e+02, 3.58706451e+02, 1.89503586e+02,
       3.64823334e+02, 2.30121048e+02, 3.70829773e+02, 2.70510712e+02,
       3.76678162e+02, 3.10731812e+02, 3.82713318e+02, 1.31591843e+02,
       1.92859299e+02, 1.68052460e+02, 1.99359787e+02, 2.04683960e+02,
       2.06188492e+02, 2.40824631e+02, 2.12838104e+02, 2.76951660e+02,
       2.19452911e+02, 3.12645264e+02, 2.26009399e+02, 3.48297821e+02,
       2.32621704e+02, 1.22188423e+02, 2.25729813e+02, 1.59465912e+02,
       2.32700180e+02, 1.96893402e+02, 2.39292725e+02, 2.34020386e+02,
       2.45933182e+02, 2.70872467e+02, 2.52673508e+02, 3.07364899e+02,
       2.59214722e+02, 3.43810059e+02, 2.65728668e+02, 1.12491089e+02,
       2.60367676e+02, 1.50493332e+02, 2.67184326e+02, 1.88887115e+02,
       2.73862213e+02, 2.26766144e+02, 2.80497894e+02, 2.64617126e+02,
       2.87110626e+02, 3.02008698e+02, 2.93637939e+02, 3.39367004e+02,
       3.00280701e+02, 1.02279602e+02, 2.96151398e+02, 1.41346115e+02,
       3.03088715e+02, 1.80455383e+02, 3.10009705e+02, 2.19276230e+02,
       3.16622314e+02, 2.57919830e+02, 3.23367249e+02, 2.96393829e+02,
       3.29805542e+02, 3.34569153e+02, 3.36488373e+02, 9.15771866e+01,
       3.34033783e+02, 1.31692429e+02, 3.41103973e+02, 1.71700775e+02,
       3.48054565e+02, 2.11411484e+02, 3.54759064e+02, 2.51086533e+02,
       3.61442810e+02, 2.90500916e+02, 3.67833191e+02, 3.29638031e+02,
       3.74544952e+02, 3.30319153e+02, 2.56340790e+02, 3.55633209e+02,
       2.56828369e+02, 3.81492310e+02, 2.57694916e+02, 4.07324280e+02,
       2.58493744e+02, 4.33360321e+02, 2.59332458e+02, 4.59467560e+02,
       2.59950745e+02, 4.85884613e+02, 2.60620148e+02, 3.28865234e+02,
